30 0 0 1  1.6    1 .15 .008 0
60 0 0 1  -1.6   1 .15 -.008 0

90 0 0 1  1.6    1 .15 .006 0
120 0 0 1 -1.45  1 .15 -.006 0

150 0 0 1 1.45  1 .15 .008 0
180 0 0 1 -1.6   1 .15 -.008 0

210 0 0 1 .9     1 .15 .005 0
240 0 0 1 -.9    1 .15 -.005 0

270 0 0 1  1.3    1 .15 .008 0
300 0 0 1  -1.3   1 .15 -.008 0

330 0 0 1  1.5    1 .15 .006 0
360 0 0 1 -.9  1 .15 -.006 0

390 0 0 1 .9  1 .15 .008 0
420 0 0 1 -1.5   1 .15 -.008 0

450 0 0 1 .8     1 .15 .005 0
480 0 0 1 -.8    1 .15 -.005 0

510 0 0 1  1.5    1 .15 .004 0
540 0 0 1  -1.5   1 .15 -.004 0

570 0 0 1  1.6    1 .15 .003 0
600 0 0 1 -.9  1 .15 -.003 0

630 0 0 1 .9  1 .15 .008 0
660 0 0 1 -1.6   1 .15 -.008 0

690 0 0 1 .9     1 .15 .005 0
720 0 0 1 -.9    1 .15 -.005 0

750 0 0 1  1.4    1 .15 .008 0
780 0 0 1  -1.4   1 .15 -.008 0

810 0 0 1  .9    1 .15 .006 0
840 0 0 1 -1.7  1 .15 -.006 0

870 0 0 1 1.7  1 .15 .008 0
900 0 0 1 -.9  1 .15 -.008 0

930 0 0 1 .3     1 .15 .006 0
960 0 0 1 -.3    1 .15 -.006 0
